30 15
4
0 0 6
0 0 7
0 0 8
1 29 7
0 0 5
0 0 0 6 100 0 -1
1 0 0 8 100 0 -1
2 1 0 6 -1 -1 -1
3 1 0 8 -1 -1 -1
0
01
20
0 0 5
0 0 2 6 98 0 -1
1 0 2 8 98 0 -1
2 1 2 8 -1 -1 -1
3 1 4 8 -1 -1 -1
0
02
20
0 0 5
0 0 4 6 96 0 -1
1 0 4 8 96 0 -1
2 1 3 11 -1 -1 -1
3 1 8 8 -1 -1 -1
1
47 2 8 6 3
03
20
0 0 5
0 0 6 6 94 0 -1
1 0 6 8 94 0 -1
2 1 6 12 -1 -1 -1
3 1 8 7 -1 -1 -1
2
47 2 8 6 3
81 2 10 8 1
04
20
0 0 5
0 0 7 6 93 0 -1
1 0 8 8 92 0 -1
2 1 9 13 -1 -1 -1
3 1 8 7 -1 -1 -1
4
47 2 8 6 2
245 2 12 6 6
81 2 10 8 1
188 2 9 12 1
05
20
0 0 5
0 0 8 7 91 0 -1
1 0 9 8 91 0 -1
2 1 9 13 -1 -1 -1
3 1 8 7 -1 -1 -1
4
47 2 8 6 1
245 2 12 6 6
81 2 10 8 1
291 3 9 12 0
06
20
0 0 5
0 0 10 7 89 0 -1
1 0 9 8 87 0 2
2 1 6 12 -1 -1 -1
3 1 8 7 -1 -1 -1
6
290 2 12 4 4
293 3 8 6 0
245 2 12 6 6
183 2 14 7 6
292 3 10 8 0
291 3 9 12 0
07
20
0 0 5
0 0 11 6 87 0 -1
1 0 7 8 85 0 2
2 1 4 10 -1 -1 -1
3 1 4 7 -1 -1 -1
6
290 2 12 4 4
14 8 15 5 4
293 3 8 6 0
245 2 12 6 6
183 2 14 7 6
292 3 10 8 0
08
20
0 1 5
0 0 12 5 85 0 -1
1 0 5 8 83 0 2
2 1 0 10 -1 -1 -1
3 1 0 7 -1 -1 -1
9
290 2 12 4 4
161 2 16 4 2
14 8 15 5 4
29 2 16 5 6
153 2 17 5 6
293 3 8 6 0
245 2 12 6 6
183 2 14 7 6
292 3 10 8 0
09
20
0 2 5
0 0 12 5 81 0 -1
1 0 3 8 81 0 2
2 1 0 7 -1 -1 -1
3 1 4 7 -1 -1 -1
9
290 2 12 4 3
161 2 16 4 2
14 8 15 5 4
29 2 16 5 6
153 2 17 5 6
293 3 8 6 0
245 2 12 6 6
183 2 14 7 6
292 3 10 8 0
10
20
0 2 5
0 0 12 5 77 0 -1
1 0 1 8 79 0 2
2 1 3 8 -1 -1 -1
3 1 5 10 -1 -1 -1
9
290 2 12 4 2
161 2 16 4 2
14 8 15 5 4
29 2 16 5 6
153 2 17 5 6
293 3 8 6 0
245 2 12 6 6
183 2 14 7 6
292 3 10 8 0
11
20
1 2 5
0 0 12 5 73 0 -1
1 0 0 7 77 0 -1
2 1 4 11 -1 -1 -1
3 1 7 12 -1 -1 -1
9
290 2 12 4 1
161 2 16 4 2
14 8 15 5 4
29 2 16 5 6
153 2 17 5 6
293 3 8 6 0
245 2 12 6 6
183 2 14 7 6
292 3 10 8 0
12
20
1 2 5
0 0 12 5 69 0 2
1 0 2 7 75 0 -1
2 1 6 13 -1 -1 -1
3 1 9 14 -1 -1 -1
9
294 3 12 4 0
161 2 16 4 2
14 8 15 5 4
29 2 16 5 6
153 2 17 5 6
293 3 8 6 0
245 2 12 6 6
183 2 14 7 6
292 3 10 8 0
13
20
1 2 5
0 0 10 5 67 0 2
1 0 4 7 73 0 -1
2 1 9 14 -1 -1 -1
3 1 13 14 -1 -1 -1
5
294 3 12 4 0
14 8 15 5 4
293 3 8 6 0
245 2 12 6 6
292 3 10 8 0
14
20
1 2 5
0 0 8 5 65 0 2
1 0 6 7 71 0 -1
2 1 10 11 -1 -1 -1
3 1 12 12 -1 -1 -1
4
294 3 12 4 0
293 3 8 6 0
245 2 12 6 6
292 3 10 8 0
15
20
1 2 5
0 0 6 5 63 0 2
1 0 8 7 69 0 -1
2 1 12 10 -1 -1 -1
3 1 12 12 -1 -1 -1
3
293 3 8 6 0
245 2 12 6 6
292 3 10 8 0
16
20
1 2 5
0 0 4 5 61 0 2
1 0 10 7 67 0 -1
2 1 12 10 -1 -1 -1
3 1 12 12 -1 -1 -1
5
294 3 12 4 0
293 3 8 6 0
245 2 12 6 6
183 2 14 7 6
292 3 10 8 0
17
20
1 2 5
0 0 2 5 59 0 2
1 0 12 7 65 0 -1
2 1 12 10 -1 -1 -1
3 1 12 12 -1 -1 -1
9
294 3 12 4 0
14 8 15 5 4
293 3 8 6 0
245 2 12 6 6
183 2 14 7 6
292 3 10 8 0
128 2 15 8 1
200 2 14 10 4
295 3 12 11 0
18
20
1 2 5
0 0 0 5 57 0 2
1 0 13 8 63 0 -1
2 1 11 7 -1 -1 -1
3 1 15 13 -1 -1 -1
9
294 3 12 4 0
14 8 15 5 4
245 2 12 6 6
183 2 14 7 6
292 3 10 8 0
128 2 15 8 1
218 2 17 9 2
200 2 14 10 4
295 3 12 11 0
19
20
2 2 5
0 0 0 7 55 0 -1
1 0 14 8 62 0 -1
2 1 7 7 -1 -1 -1
3 1 15 13 -1 -1 -1
11
14 8 15 5 4
29 2 16 5 6
245 2 12 6 6
183 2 14 7 6
292 3 10 8 0
128 2 15 8 1